# ratio p0 p1 p2 p3 sigma rap min max
l0336 l0392      -3.7963       8.1825      -0.5627      -0.7726       0.4834       0.8794       0.3939       1.8920
l0336 l0496      -5.0899      10.6679      -4.1350       0.5340       0.4481       0.8963       0.4997       3.5139
l0339 l0340      32.9430    -136.5022     169.9546     -63.5729       0.4961       0.8730       0.5145       1.2399
l0339 l0392      -3.8810      10.7874      -4.2478       0.4843       0.4935       0.8743       0.3009       1.6888
l0339 l0496      -4.4153      10.4671      -4.4206       0.6328       0.4847       0.8787       0.3817       3.2268
l0357 l0483       6.6574      -4.9500      -0.5827       0.6249       0.4790       0.8816       0.3546       1.7284
l0380 l0496      -6.2324      14.1909      -6.4150       0.9619       0.4992       0.8714       0.4983       2.9899
l0392 l0339       7.6683      -5.6563       1.1935      -0.0826       0.4945       0.8738       0.5922       3.3234
l0425 l0496      -5.7770      21.3380     -15.6424       3.8829       0.4988       0.8716       0.2858       1.7544
l0483 l0357      -4.5566       8.4903      -2.4362       0.1982       0.4631       0.8893       0.5786       2.8198
l0483 l0392      -1.9378       3.9820       1.3155      -0.8407       0.4946       0.8737       0.2649       2.0663
l0483 l0496      -2.9573       6.4508      -2.0133       0.2209       0.4667       0.8876       0.3360       3.5463
l0483 l0633      -3.1775       3.2983       0.1446      -0.1368       0.4673       0.8873       0.6778       3.2019
l0496 l0336       5.4344      -2.5033      -1.4884       0.5842       0.4533       0.8939       0.2846       2.0013
l0496 l0339       5.0697      -1.7910      -1.4459       0.4756       0.4794       0.8814       0.3099       2.6201
l0496 l0380       5.2031      -0.7686      -2.6643       0.7677       0.4930       0.8746       0.3345       2.0066
l0496 l0483       6.2446      -6.2682       1.9735      -0.2294       0.4713       0.8854       0.2820       2.9764
l0633 l0483       8.9668     -16.6540      10.0561      -2.2557       0.4726       0.8847       0.3123       1.4754
l0671 l0796       9.3090      -8.6502       2.6371      -0.2961       0.4753       0.8834       0.7437       3.0914
l0696 l0737       4.6293      -0.5928      -0.6307       0.1213       0.4994       0.8713       0.4215       3.7134
l0737 l0696      -3.1969      13.8828      -8.7386       1.7720       0.4876       0.8773       0.2693       2.3726
l0737 l0775      -3.9914      17.3623      -5.7115      -3.8925       0.4966       0.8727       0.2476       0.8838
l0737 l0868      -3.9933      13.8646      -7.9086       1.5242       0.4806       0.8808       0.3486       2.2499
l0775 l0737       5.2370       0.3612      -1.1611       0.1881       0.4974       0.8723       1.1314       4.0383
l0775 l0847       9.4049      -5.7655       1.0811      -0.0685       0.4857       0.8782       0.9343       5.1381
l0796 l0671      -2.8590       5.2411       2.7860      -2.1167       0.4734       0.8843       0.3235       1.3446
l0796 l0868      -4.0622      11.7056      -5.4484       0.8577       0.4459       0.8974       0.3003       2.4478
l0808 l0868      -6.6790      19.0309     -10.7285       1.9959       0.4837       0.8792       0.4175       2.2061
l0821 l0983       7.0586      -8.2375       3.5105      -0.7064       0.4826       0.8798       0.2623       1.9081
l0847 l0775      -1.8678       2.0156      15.2593     -10.9115       0.4703       0.8859       0.1946       1.0704
l0847 l0868      -3.3600       8.9296      -3.2136       0.3623       0.4798       0.8812       0.2879       2.7484
l0859 l0868      -8.8362      17.9066      -7.9349       1.1448       0.4870       0.8776       0.5700       3.1113
l0868 l0737       4.8304      -0.0097      -1.7930       0.4320       0.4761       0.8830       0.4445       2.8682
l0868 l0796       6.0249      -2.9898      -0.1423       0.1239       0.4521       0.8945       0.4085       3.3300
l0868 l0808       4.5468       1.7122      -3.5231       0.8054       0.4899       0.8761       0.4533       2.3951
l0868 l0859       3.2353       7.1390     -11.5110       3.4769       0.4815       0.8803       0.3214       1.7543
l0868 l0983       5.8013      -3.4107       0.5547      -0.0339       0.4735       0.8843       0.3099       3.5202
l0868 l1023       5.1146      -0.7528      -2.1828       0.4955       0.4052       0.9152       0.3635       1.9225
l0983 l0821      -3.2353       6.2073      -1.5653       0.1233       0.4682       0.8868       0.5241       3.8122
l0983 l0868      -2.8298       9.1461      -3.8409       0.5326       0.4593       0.8911       0.2841       3.2271
l0983 l1114      -2.2668       9.8183      -4.8441       0.7691       0.4461       0.8973       0.2004       2.2126
l0983 l1128      -2.4973       9.1673      -4.1172       0.6339       0.4714       0.8853       0.2622       2.3281
l1023 l0868      -7.0389      16.3943      -8.0019       1.3021       0.4155       0.9109       0.5201       2.7513
l1023 l1114      -6.5217      20.1035     -12.9623       2.7966       0.4777       0.8822       0.3669       2.0041
l1023 l1128      -6.6947      17.4698      -9.5414       1.7691       0.4825       0.8799       0.4801       2.3546
l1023 l1137      -7.9943      19.2100     -10.1087       1.8105       0.4486       0.8961       0.5266       2.1390
l1114 l0983       6.0240      -3.3347       0.6782      -0.0579       0.4572       0.8921       0.4520       4.9900
l1114 l1023       4.4413       0.4207      -1.9846       0.4112       0.4821       0.8801       0.4990       2.7252
l1128 l0983       6.7509      -4.9428       1.4336      -0.1724       0.4685       0.8867       0.4295       3.8139
l1128 l1023       6.2938      -4.0637       1.0800      -0.3763       0.4568       0.8923       0.4247       2.0829
l1128 l1141       4.5403       2.0166      -3.7068       0.8178       0.4461       0.8973       0.5084       2.8235
l1137 l1023       5.9643      -2.0048      -1.3475       0.2888       0.4449       0.8979       0.4675       1.8989
l1137 l1141       5.3491       1.6511      -4.3714       1.0814       0.4583       0.8916       0.6583       2.5740
l1141 l1128      -6.6917      19.1874     -10.7618       1.9821       0.4427       0.8988       0.3542       1.9669
l1141 l1137      -5.6660      12.6470      -1.6848      -1.4802       0.4468       0.8970       0.3885       1.5191
l1231 l1292       4.8145      -0.6581      -0.7464       0.1360       0.4775       0.8823       0.3507       4.3966
l1292 l1231      -4.0598      15.2671      -9.1461       1.6995       0.4525       0.8943       0.2274       2.8517
l2659 l2812       0.9879      19.7546     -33.6187      13.8251       0.4778       0.8822       0.4152       1.3168
l2747 l2781       9.1888      -7.2744       1.7482      -0.1369       0.4808       0.8807       0.6717       2.9808
l2781 l2747      -2.5359       4.6070       4.6862      -3.1044       0.4637       0.8890       0.3355       1.4888
l2812 l2659      -3.5984       3.3261       2.3218      -0.9886       0.4863       0.8780       0.7594       2.4084
l2812 l2719       0.2183      -5.1988       9.0414      -2.6851       0.4933       0.8744       0.4599       2.0652
l2812 l2840      -2.5136       5.1703      -0.7411      -0.0819       0.4791       0.8815       0.3056       2.7781
l2840 l2812       7.6196      -8.5977       3.2659      -0.4399       0.4881       0.8770       0.3600       3.2725
l3039 l3124       0.2078     -11.1158      23.7184      -9.6998       0.4649       0.8884       0.4949       1.5213
l3080 l3124       8.9759     -55.3588     101.1306     -50.3967       0.4673       0.8873       0.3729       1.0086
l3102 l3124      -0.2082      -7.6205      22.9186     -11.1118       0.4963       0.8729       0.3540       1.3514
l3102 l3134      -3.7061       1.3381       3.3974      -1.0760       0.4454       0.8976       0.8769       2.4023
l3102 l3155      -2.8963       9.7334      -3.9693       0.4692       0.4733       0.8844       0.2643       1.8465
l3134 l3102       7.0870      -2.5643     -11.1491       6.4950       0.4601       0.8907       0.4163       1.1404
l3134 l3195      -6.5925      47.9472     -64.8184      24.5637       0.4867       0.8777       0.5270       1.3857
l3139 l3246       7.7474      -3.3346      -2.5754       1.1934       0.4855       0.8783       0.6797       2.1711
l3155 l3102       7.0772      -4.9734       1.2390      -0.1246       0.4805       0.8808       0.5416       3.7830
l3195 l3124       3.2380     -30.6196      76.3579     -45.6548       0.4655       0.8882       0.3303       0.9683
l3195 l3155      -3.4346      14.3041      -8.2658       1.5246       0.4897       0.8762       0.2467       1.7439
l3217 l3124      -0.0887      -7.5967      22.1571     -10.5225       0.4605       0.8906       0.3864       1.3621
l3246 l3139       0.9623      -7.5922      15.4836      -5.8944       0.4968       0.8726       0.4606       1.4713
l4098 l4133       0.0237     -15.1429      37.8374     -18.7298       0.4922       0.8750       0.4727       1.1567
l4129 l4133      -1.9356      -9.6581      37.5098     -21.5586       0.4560       0.8927       0.4249       1.0417
l4133 l4129       3.5837       7.4892      -8.7156       2.0076       0.4653       0.8883       0.9599       2.3535
l4302 l4396      -9.6062      18.7591      -1.2149      -3.8333       0.4936       0.8742       0.5492       1.2850
l4396 l4302      -7.2190      33.9975     -30.3053       7.5745       0.4862       0.8780       0.7782       1.8207
