        # num denom aH bH cH sH aMH bMH cMH sMH aPL bPL sPL aE bE sE aL bL sL bestS function min max
l0002 l0051     3412.6694       0.8667      -0.2740      58.5699       0.2000       0.2000       0.2000     242.9578    2981.5220      -0.3682      59.5147    5045.1001       0.5733      59.3593    2948.6035   -1283.4141      58.3585      58.3585  LO         0.46         0.83
l0051 l0002        0.2000       0.2000       0.2000     242.9578    3487.4851       0.8471       0.2588      58.4723    2981.4587       0.3682      59.5169       1.5000       0.0000     242.9507    2948.5347    1283.5809      58.3588      58.3588  LO         1.20         2.18
l0089 l0123        0.2000       0.2000       0.2000     242.9492     949.3582      11.6995       0.4429      71.4695    4458.4077      -0.2049     122.9727       1.5000       0.0000     242.9507    4295.8682    -669.6841     128.6851      71.4695  MH         2.43         7.15
l0123 l0089      943.0210      11.8243      -0.4457      71.4653       0.2000       0.2000       0.2000     242.9497    4458.5391       0.2049     122.9709    2707.2185       2.2464      97.9851    4295.9448     669.7535     128.6836      71.4653  HO         0.14         0.41
l0123 l0139     4679.8188       0.7758       0.4741      63.5283    4486.3433       0.8088       0.0008      62.6426    3603.4607       0.2430      67.6170    2751.0786       1.2987      80.9003    3610.3279     854.9745      65.4478      62.6426  MH         0.62         1.34
l0123 l0157        0.2000       0.2000       0.2000     242.9641       0.2000       0.2000       0.2000     242.9426    4097.0894       0.2382      62.2144    2732.2437       1.5873      74.4257    4051.6904     822.9044      62.8182      62.2144  PL         0.32         0.87
l0139 l0123     4550.4648       0.7977       0.0150      62.6965    4676.1177       0.7764      -0.4734      63.5237    3603.4385      -0.2429      67.6175    4490.7046       0.8081      62.6088    3610.3250    -854.9682      65.4478      62.6088  EX         0.75         1.60
l0157 l0123        0.2000       0.2000       0.2000     242.9421    3409.1367       1.2341      -0.1306      65.0970    4097.1611      -0.2382      62.2181       1.5000       0.0000     242.9507    4051.6406    -822.8337      62.8164      62.2181  PL         1.15         3.17
l0204 l0182        0.2000       0.2000       0.2000     242.9762    3217.0771       1.0407       0.1276      65.2475    3403.6921       0.0800      98.0186    3147.7600       1.0599      88.5238    3412.5725     268.0690     104.6300      65.2475  MH         0.22         4.79
l0278 l0288     4303.3545       0.7560      -0.0572      65.8044       0.2000       0.2000       0.2000     242.9626    3258.5806      -0.2731      75.6029    4629.1899       0.7026      64.9330    3255.9929    -962.0343      71.1149      64.9330  EX         0.44         1.04
l0288 l0278        0.2000       0.2000       0.2000     242.9615    4311.1055       0.7547       0.0557      65.7729    3258.5554       0.2731      75.6085    2683.7632       1.2193     101.5882    3255.9980     962.0065      71.1140      65.7729  MH         0.96         2.25
l0342 l0360     3972.4153       0.8259      -0.0989      69.1528       0.2000       0.2000       0.2000     242.9638    3277.6699      -0.2512      69.7235    4497.0024       0.7301      70.3125    3278.6050    -876.4481      69.1806      69.1528  HO         0.54         1.12
l0345 l0360     3633.1873       0.9343      -0.1397      70.7517       0.2000       0.2000       0.2000     242.9681    3385.8145      -0.1987      71.6977    4284.0244       0.7974      74.3571    3391.3794    -696.2363      70.9646      70.7517  HO         0.48         1.29
l0360 l0342        0.2000       0.2000       0.2000     242.9622       0.2000       0.2000       0.2000     242.9302    3277.6975       0.2512      69.7294    2706.4131       1.2109      75.8949    3278.5991     876.4772      69.1790      69.1790  LO         0.90         1.84
l0360 l0345        0.2000       0.2000       0.2000     242.9655       0.2000       0.2000       0.2000     242.9253    3385.8098       0.1987      71.6971    2868.6453       1.1727      84.2765    3391.3591     696.2015      70.9663      70.9663  LO         0.77         2.08
l0392 l0434        0.2000       0.2000       0.2000     242.9589    5095.9253       0.6439       0.0113      68.3075    3282.4197       0.3820      71.5240    2402.2786       1.3680      79.6438    3281.4817    1346.5295      69.6345      68.3075  MH         0.95         1.63
l0423 l0397        0.2000       0.2000       0.2000     242.9392    5345.6108       0.6444      -0.8318      73.3491    3424.0994      -0.3350      97.8320    4982.6533       0.6904      79.3811    3428.9692   -1199.2561      90.8549      73.3491  MH         0.57         1.30
l0423 l0401     6199.8735       0.5881       0.2483      69.7680       0.2000       0.2000       0.2000     242.9657    3610.9519      -0.3281     100.9312    4924.1772       0.7376      79.0358    3618.8696   -1167.6266      93.0732      69.7680  HO         0.66         1.42
l0434 l0392     5024.9858       0.6530      -0.0234      68.3151       0.2000       0.2000       0.2000     242.9601    3282.3972      -0.3821      71.5247    5165.2744       0.6353      68.2855    3281.4773   -1346.5306      69.6345      68.2855  EX         0.61         1.05
l0605 l0611        0.2000       0.2000       0.2000     242.9539    1078.2471       3.5390       0.6677      57.1577    2853.6489       0.1884      79.5388       1.5000       0.0000     242.9507    2810.5142     642.5767      84.1675      57.1577  MH         1.77         4.62
l0611 l0605     1077.2015       3.5435      -0.6682      57.1703       0.2000       0.2000       0.2000     242.9531    2853.6128      -0.1884      79.5291    4157.2598       0.6188     102.6777    2810.6594    -642.4043      84.1942      57.1703  HO         0.22         0.56
l0773 l0821     4684.2212       0.7056      -0.0597      59.3386    4064.1770       0.8127      -0.6053      60.1973    3300.3127      -0.3593      63.2641    5021.3657       0.6585      59.2977    3302.0264   -1258.5730      60.9113      59.2977  EX         0.59         1.10
l0798 l0821        0.2000       0.2000       0.2000     242.9395       0.2000       0.2000       0.2000     242.9729    3898.2646      -0.2682      70.4007    4627.6104       0.8340      60.3506    3889.4404    -949.8065      65.7957      60.3506  EX         0.83         2.00
l0821 l0773        0.2000       0.2000       0.2000     242.9604    4647.7383       0.7111       0.0664      59.3596    3300.2971       0.3593      63.2657    2444.0332       1.3495      75.2200    3302.0349    1258.5100      60.9088      59.3596  MH         0.91         1.70
l0821 l0798     5435.3003       0.7102       0.5079      60.9035    4650.0151       0.8295      -0.0090      60.3916    3898.2214       0.2681      70.3920    2710.0017       1.4485      99.4549    3889.4792     949.8899      65.7993      60.3916  MH         0.50         1.20
l0821 l0846     2273.5344       1.7643      -0.1090      71.9649    3235.7795       1.2295       0.5885      70.6755    3894.8787       0.2572      73.4084    2666.1741       1.4921      69.9604    3874.4490     884.4870      76.1454      69.9604  EX         0.41         0.97
l0846 l0821        0.2000       0.2000       0.2000     242.9410       0.2000       0.2000       0.2000     242.9731    3894.9954      -0.2573      73.4012    4473.5381       0.8547      86.5723    3874.4927    -884.5986      76.1420      73.4012  PL         1.03         2.46
l0847 l0821        0.2000       0.2000       0.2000     242.9371    4498.2231       0.8372      -0.3554      76.6199    3769.4351      -0.2234      90.4279    4394.7969       0.8549      74.0719    3768.2466    -785.5740      84.6345      74.0719  EX         0.69         2.17
l0948 l0992        0.2000       0.2000       0.2000     242.9423    1355.1772       3.2367       0.4292      74.7020    3938.7690      -0.2307      74.4941       1.5000       0.0000     242.9507    3909.7117    -787.1306      77.6135      74.4941  PL         1.17         2.70
l0960 l0992        0.2000       0.2000       0.2000     242.9418    2881.5342       1.4473       0.0095      62.3122    3952.2756      -0.1607      68.8567       1.5000       0.0000     242.9507    3926.8145    -554.9592      71.7794      62.3122  MH         1.20         3.77
l0961 l0992     3057.9604       1.1009      -0.2293      74.1823       0.2000       0.2000       0.2000     242.9734    3389.8022      -0.1466      72.5282    4050.1926       0.8475      89.9532    3395.8943    -509.2333      73.7940      72.5282  PL         0.39         1.66
l0974 l0992        0.2000       0.2000       0.2000     242.9379    4002.5144       0.9617      -0.1434      69.3742    3866.7585      -0.1252      72.6601    3974.8914       0.9509      72.8964    3854.7966    -436.5276      69.8743      69.3742  MH         0.76         4.31
l0992 l0948     1359.0662       3.2265      -0.4275      74.6050    2935.3545       1.4493       0.9138      74.8160    3938.9368       0.2307      74.4636    2705.8440       1.5140      65.5336    3909.6790     787.1310      77.6134      65.5336  EX         0.37         0.85
l0992 l0960     2879.0918       1.4486      -0.0100      62.3628       0.2000       0.2000       0.2000     242.9426    3952.3103       0.1607      68.8524    2932.3562       1.4182      61.9680    3926.8005     554.9431      71.7820      61.9680  EX         0.27         0.83
l0992 l0961     3172.2839       1.0629       0.0690      74.0691    3057.0798       1.1012       0.2295      74.2049    3389.7881       0.1466      72.5214    2995.9863       1.1207      82.8667    3395.8918     509.2025      73.7965      72.5214  PL         0.60         2.56
l0992 l0974     4004.5713       0.9611       0.1437      69.3474       0.2000       0.2000       0.2000     242.9378    3866.8074       0.1252      72.6598    3076.9275       1.2848     131.2076    3854.8518     436.5903      69.8713      69.3474  HO         0.23         1.32
l0992 l1010     2158.8464       1.9590      -0.1656      74.4584       0.2000       0.2000       0.2000     242.9422    3914.0596       0.1754      84.3087    2879.0496       1.4161      75.0569    3891.8462     604.0445      86.5599      74.4584  HO         0.31         0.82
l0992 l1030     3624.7422       1.0237       0.1053      60.4535    3660.7949       1.0141       0.1458      60.9505    3712.0881       0.1202      57.8886    3080.2927       1.1979     108.3399    3711.7461     417.3062      57.3717      57.3717  LO         0.30         1.76
l1010 l0992     3577.2671       1.1383      -0.4447      77.2850    2143.2627       1.9751       0.1698      74.5394    3914.1216      -0.1754      84.2973       1.5000       0.0000     242.9507    3891.9211    -604.1523      86.5479      74.5394  MH         1.22         3.28
l1030 l0992     3660.1943       1.0142      -0.1461      60.9960    3624.2422       1.0239      -0.1052      60.4761    3712.0972      -0.1202      57.8878    3944.9248       0.9386      77.0035    3711.7876    -417.3789      57.3610      57.3610  LO         0.57         3.36
l1121 l1145     4522.9790       0.6916      -0.0104      76.8517    3823.8645       0.8158      -0.5790      69.6842    3184.7673      -0.2485     104.6238    4598.1602       0.6795      76.2261    3167.1741    -896.8158      96.8499      69.6842  MH         0.35         1.01
l1141 l1167     5122.9219       0.6362       0.9185      54.0844    6449.0107       0.5057      -0.2050      54.6111    3272.1562       0.3469      67.4825    2510.7129       1.3080      83.9664    3268.2925    1234.3049      62.8586      54.0844  HO         0.90         1.71
l1145 l1121        0.2000       0.2000       0.2000     242.9611    5451.1299       0.5689      -0.1178      68.8084    3184.8589       0.2484     104.5913    2813.2405       1.1547     140.9342    3167.1067     897.0347      96.8724      68.8084  MH         0.99         2.89
l1155 l1167        0.2000       0.2000       0.2000     242.9616    5203.4365       0.5961      -0.0946      66.0065    3181.2161       0.2378     108.8084    2857.2656       1.1390     158.2606    3163.6711     856.8708      99.0771      66.0065  MH         1.04         3.33
l1159 l1167     3797.8706       0.9545       0.1834      74.2423       0.2000       0.2000       0.2000     242.9229    3611.0657       0.1429      82.9848    3056.3784       1.1633     141.9705    3617.4436     502.2747      78.4005      74.2423  HO         0.46         2.30
l1167 l1141     6374.0894       0.5117       0.1954      54.6253       0.2000       0.2000       0.2000     242.9612    3272.0918      -0.3470      67.4863    5021.0977       0.6502      56.6644    3268.3560   -1233.9209      62.8566      54.6253  HO         0.59         1.11
l1167 l1155        0.2000       0.2000       0.2000     242.9357       0.2000       0.2000       0.2000     242.9618    3181.2734      -0.2377     108.7890    4535.5967       0.6881      73.0098    3163.6440    -856.9371      99.0867      73.0098  EX         0.30         0.96
l1167 l1159        0.2000       0.2000       0.2000     242.9293    3796.2219       0.9548      -0.1830      74.2793    3611.0662      -0.1429      82.9859    4065.5520       0.8969      72.3771    3617.4375    -502.2527      78.3994      72.3771  EX         0.44         2.16
l1167 l1174     6487.6665       0.4950       0.2006      54.2148    4842.6494       0.6630      -0.8894      52.9282    3237.2944      -0.3494      74.2326    5046.7866       0.6379      56.6126    3229.1355   -1248.7271      67.0205      52.9282  MH         0.50         1.11
l1167 l1196     3633.4194       0.8892      -0.0936      74.9655       0.2000       0.2000       0.2000     242.9647    3239.7598      -0.1698      84.3351    4173.9102       0.7722      73.4172    3235.7783    -597.0057      79.7583      73.4172  EX         0.26         1.10
l1174 l1167     4842.6655       0.6630       0.8893      52.9181    6471.2080       0.4963      -0.1986      54.2002    3237.2002       0.3495      74.2717    2521.6040       1.2934     102.6583    3229.0767    1249.0093      67.0490      52.9181  HO         0.90         2.01
l1488 l1469        0.2000       0.2000       0.2000     242.9393    6558.3818       0.5798      -0.7424      73.4564    3780.2822      -0.2855     110.1050    4785.8325       0.7922      81.1819    3787.5085   -1035.7097     101.0308      73.4564  MH         0.68         1.75
l1886 l1890        0.2000       0.2000       0.2000     242.9378    6081.1948       0.6491      -0.5585      59.6432    3912.5098      -0.2247     149.5566    4603.0586       0.8514      88.6828    3929.0068    -848.1412     138.4494      59.6432  MH         0.60         2.29
l1890 l1886     6080.7578       0.6491       0.5585      59.6448       0.2000       0.2000       0.2000     242.9358    3912.7524       0.2248     149.6341    2999.6963       1.2710     195.5905    3928.9875     848.1193     138.4453      59.6448  HO         0.44         1.66
l1890 l1904     5863.5103       0.6875       0.4648      72.0501       0.2000       0.2000       0.2000     242.9352    3951.7122       0.1828     165.4723    3150.9534       1.2051     205.5001    3977.8196     706.4951     157.2935      72.0501  HO         0.37         1.83
l1904 l1890        0.2000       0.2000       0.2000     242.9375    5863.2529       0.6875      -0.4647      72.0453    3951.8337      -0.1828     165.5311    4500.2544       0.8842     100.8858    3977.8469    -706.5361     157.3023      72.0453  MH         0.55         2.70
l1937 l1977        0.2000       0.2000       0.2000     242.9643    3830.8271       0.8421       0.0721      61.0561    3237.2617       0.1875      70.4142    2928.5295       1.1167     117.5074    3232.8774     660.2266      65.8575      61.0561  MH         0.93         3.49
l1977 l1937     3839.5957       0.8402      -0.0705      61.0249       0.2000       0.2000       0.2000     242.9648    3237.3604      -0.1875      70.3832    4248.7607       0.7581      62.9216    3232.9043    -660.2101      65.8561      61.0249  HO         0.29         1.07
l2099 l2136        0.2000       0.2000       0.2000     242.9561    8367.4473       0.2694      -0.2987      72.3482    2827.5776       0.3024     124.1674       1.5000       0.0000     242.9507    2719.9778    1116.7883     114.3675      72.3482  MH         1.46         4.02
l2136 l2099     8263.9014       0.2735       0.2916      72.3562       0.2000       0.2000       0.2000     242.9554    2827.3667      -0.3025     124.2310    4921.4077       0.5087      89.6166    2720.0574   -1116.6699     114.3513      72.3562  HO         0.25         0.68
l2572 l2619     4153.6460       0.9134      -0.0130      61.5741    4412.2583       0.8645      -0.2641      63.4536    3810.9526      -0.1635      98.7635    4182.4775       0.9065      61.0039    3812.6914    -585.3015      88.8733      61.0039  EX         0.54         2.82
l2576 l2619        0.2000       0.2000       0.2000     242.9312    4094.9309       0.9031      -0.2449      70.8174    3671.9963      -0.1572     103.8962    4146.3198       0.8912      68.7688    3679.2478    -561.8071      94.1537      68.7688  EX         0.42         2.23
l2589 l2619        0.2000       0.2000       0.2000     242.9297    3825.4360       0.9316      -0.2330      66.2055    3541.0388      -0.1592      91.2848    4133.8198       0.8671      68.8717    3549.0676    -563.8553      82.6727      66.2055  MH         0.36         1.91
l2617 l2619        0.2000       0.2000       0.2000     242.9273    3802.5239       0.9406      -0.2036      78.0708    3548.2371      -0.1362     108.1114    4067.4871       0.8848      74.3828    3556.7300    -487.3952      99.1735      74.3828  EX         0.28         1.93
l2619 l2572     4412.7412       0.8644       0.2641      63.4521       0.2000       0.2000       0.2000     242.9313    3811.0068       0.1635      98.7843    3070.9451       1.2220     172.4453    3812.7224     585.3547      88.8825      63.4521  HO         0.36         1.86
l2619 l2573        0.2000       0.2000       0.2000     242.9607       0.2000       0.2000       0.2000     242.9400    3699.6772       0.3338      75.6437    2458.4226       1.5063      72.5499    3697.2957    1144.4008      77.9626      72.5499  EX         0.64         1.11
l2619 l2576     4094.9268       0.9031       0.2449      70.8176    4061.5791       0.9092       0.0286      70.0302    3672.0142       0.1573     103.9086    3089.9871       1.1652     179.0933    3679.2161     561.7230      94.1415      70.0302  MH         0.45         2.40
l2619 l2617     3802.6499       0.9406       0.2036      78.0692    3974.3630       0.9035       0.0244      74.6922    3548.2388       0.1362     108.1128    3161.0149       1.1034     186.8757    3556.7341     487.4186      99.1775      74.6922  MH         0.52         3.51
l2619 l2628     4093.6665       0.8985       0.2619      67.3894       0.2000       0.2000       0.2000     242.9221    3638.3838       0.1566     116.9880    3140.4094       1.1324     190.7776    3648.6575     568.0272     105.7186      67.3894  HO         0.42         2.86
l2619 l2659        0.2000       0.2000       0.2000     242.9687       0.2000       0.2000       0.2000     242.9324    3753.1562       0.2048      66.5154    2896.0862       1.2865     108.0652    3755.9922     727.5526      61.2525      61.2525  LO         0.48         1.54
l2626 l2609     3613.0039       0.9345      -0.0766      73.3443       0.2000       0.2000       0.2000     242.9741    3358.9653      -0.1303      81.1646    4000.6562       0.8504      74.6519    3363.7891    -455.3629      77.9332      73.3443  HO         0.26         1.40
l2628 l2619     4101.9038       0.8950      -0.0202      69.6841    4093.9922       0.8985      -0.2620      67.3941    3638.4038      -0.1566     117.0121    4168.3101       0.8815      67.5649    3648.6296    -567.9344     105.6952      67.3941  MH         0.35         2.39
l2659 l2619        0.2000       0.2000       0.2000     242.9350    4617.7314       0.8147      -0.3621      56.1725    3753.1731      -0.2048      66.5165    4350.0952       0.8633      53.7477    3756.0015    -727.5769      61.2547      53.7477  EX         0.65         2.07
l2659 l2700     3773.3093       1.0235      -0.2255      74.8117    3669.0559       1.0524      -0.1536      74.4120    3850.9290      -0.1846      73.7975    4205.8735       0.9022      80.7002    3840.0530    -642.4818      73.7841      73.7841  LO         0.87         2.67
l2664 l2699     3614.3037       0.9525      -0.1591      74.9212    3645.7131       0.9449      -0.2696      72.8569    3435.8828      -0.2030      78.1684    4329.4233       0.8008      71.8194    3442.0317    -716.1715      74.9004      71.8194  EX         0.46         1.36
l2664 l2700     3762.8430       0.9654      -0.1043      69.8499       0.2000       0.2000       0.2000     242.9841    3622.9470      -0.1513      75.2027    4082.4321       0.8943      73.1344    3628.3689    -529.1140      71.8315      69.8499  HO         0.48         2.28
l2666 l2700     4022.4143       0.9275      -0.0760      65.8969       0.2000       0.2000       0.2000     242.9812    3731.9089      -0.1865      75.0595    4229.9336       0.8814      65.8881    3732.4607    -653.3428      71.0204      65.8881  EX         0.65         2.25
l2667 l2700     3687.3904       0.9623      -0.1052      67.9216    3636.0461       0.9745      -0.1739      68.3393    3534.3738      -0.1484      69.6511    4077.2366       0.8782      76.8503    3541.8696    -519.5696      68.3412      67.9216  HO         0.44         1.97
l2675 l2699        0.2000       0.2000       0.2000     242.9316       0.2000       0.2000       0.2000     242.9733    3467.7305      -0.1856      81.7672    4255.6694       0.8239      62.3198    3474.7954    -656.9667      74.9366      62.3198  EX         0.40         1.55
l2699 l2664        0.2000       0.2000       0.2000     242.9663    3622.6199       0.9504       0.1570      74.7905    3435.8862       0.2030      78.1637    2883.1311       1.1830     107.1156    3442.0352     716.1152      74.8994      74.7905  MH         0.74         2.17
l2699 l2675        0.2000       0.2000       0.2000     242.9685    3946.2656       0.8849       0.0695      64.6862    3467.7163       0.1856      81.7659    2952.7349       1.1635     135.4149    3474.7998     657.0370      74.9428      64.6862  MH         0.64         2.50
l2700 l2659        0.2000       0.2000       0.2000     242.9679       0.2000       0.2000       0.2000     242.9373    3850.9473       0.1845      73.7975    2894.5195       1.3494      87.5448    3840.0513     642.4748      73.7842      73.7842  LO         0.37         1.15
l2700 l2663     3955.6279       0.9464       0.1848      74.4485       0.2000       0.2000       0.2000     242.9305    3741.9929       0.1474      79.9080    3038.2488       1.2232     132.6203    3742.2097     517.3618      76.6772      74.4485  HO         0.37         1.74
l2700 l2664     3764.1682       0.9647       0.1812      70.5253    3763.5828       0.9652       0.1040      69.8314    3622.9297       0.1513      75.1979    3014.0723       1.1861     126.4104    3628.3606     529.1103      71.8314      69.8314  MH         0.44         2.06
l2700 l2666     4110.8672       0.9082       0.2567      68.0664       0.2000       0.2000       0.2000     242.9327    3731.9268       0.1865      75.0588    2909.4619       1.2774     115.0281    3732.4333     653.2686      71.0172      68.0664  HO         0.44         1.53
l2700 l2667     3635.8530       0.9745       0.1738      68.3392       0.2000       0.2000       0.2000     242.9209    3534.3735       0.1484      69.6509    3017.9812       1.1541     104.5217    3541.8665     519.5463      68.3416      68.3392  HO         0.51         2.29
l2777 l2792     4974.6084       0.7191       0.1073      73.7995    4424.2021       0.8053      -0.4521      76.5845    3524.5127      -0.2153     105.4439    4448.0718       0.8005      77.4508    3532.8530    -776.6668      97.8861      73.7995  HO         0.45         1.49
l2792 l2777     4425.7607       0.8051       0.4524      76.5929    4980.2739       0.7183      -0.1082      73.8128    3524.4983       0.2152     105.3959    2910.6062       1.1986     150.9639    3532.8542     776.6841      97.8879      73.8128  MH         0.67         2.22
l2814 l2792     9670.8818       0.3107       0.5099      86.7324    4512.6323       0.6795      -0.8647      89.1530    3180.2175      -0.2468      78.4119    4592.1177       0.6786      69.7863    3163.0261    -887.4458      75.4817      69.7863  EX         0.39         0.92
l2931 l2958        0.2000       0.2000       0.2000     242.9364    4110.7598       0.9400      -0.1564      65.3349    3885.5684      -0.1257      78.6480    3985.2502       0.9514      75.5187    3875.0242    -442.1793      72.5371      65.3349  MH         0.65         5.14
l2931 l2965     4703.6621       0.8239       0.0385      60.6940    5504.6133       0.7054      -0.4964      62.3704    3936.2466      -0.2618      85.4681    4599.8345       0.8444      62.3769    3924.5413    -928.8368      77.8327      60.6940  HO         0.83         2.14
l2933 l2958        0.2000       0.2000       0.2000     242.9270    3882.1614       0.9425      -0.1818      63.9120    3629.7927      -0.1262      96.0255    4024.1047       0.9115      71.6860    3637.9561    -451.2820      87.0276      63.9120  MH         0.32         3.10
l2954 l2958        0.2000       0.2000       0.2000     242.9258    3789.2832       0.9613      -0.1469      71.7020    3621.3208      -0.1117      93.5477    3953.3728       0.9261      70.7936    3628.3843    -395.7877      85.7828      70.7936  EX         0.30         3.08
l2958 l2931        0.2000       0.2000       0.2000     242.9727    3911.6094       0.9889       0.0987      70.7089    3885.6707       0.1258      78.6641    3133.1323       1.2462     160.2041    3875.1255     442.2828      72.5468      70.7089  MH         0.19         1.55
l2958 l2954     3788.8650       0.9614       0.1468      71.7148       0.2000       0.2000       0.2000     242.9163    3621.3384       0.1117      93.5613    3205.5039       1.1034     186.4597    3628.3777     395.7684      85.7796      71.7148  HO         0.32         3.35
l2958 l2982     3930.9038       0.9536       0.1445      60.0550       0.2000       0.2000       0.2000     242.9262    3742.3787       0.1139      78.5681    3178.0701       1.1561     174.7228    3743.5918     401.2859      71.0861      60.0550  HO         0.24         2.32
l2958 l2989        0.2000       0.2000       0.2000     242.9756       0.2000       0.2000       0.2000     242.9275    3755.6599       0.1224      81.2480    3154.9592       1.1711     172.0555    3755.1172     429.7932      73.8850      73.8850  LO         0.27         2.17
l2965 l2931     5506.1133       0.7052       0.4966      62.3643       0.2000       0.2000       0.2000     242.9389    3936.2224       0.2618      85.4653    2735.2515       1.4527     124.3094    3924.5486     928.8531      77.8338      62.3643  HO         0.47         1.20
l2982 l2958        0.2000       0.2000       0.2000     242.9304    3930.9321       0.9536      -0.1445      60.0556    3742.3777      -0.1139      78.5676    3946.4343       0.9446      65.1183    3743.6150    -401.3201      71.0910      60.0556  MH         0.43         4.16
l2989 l2958        0.2000       0.2000       0.2000     242.9314    3923.6021       0.9581      -0.1501      64.8957    3755.7227      -0.1224      81.2604    3960.8521       0.9410      75.8705    3755.1416    -429.8275      73.8879      64.8957  MH         0.46         3.77
l3033 l3044     3363.8088       1.0198      -0.2303      68.4979       0.2000       0.2000       0.2000     242.9700    3433.3887      -0.2117      68.1214    4312.4736       0.8041      78.1318    3440.5469    -737.5955      67.8999      67.8999  LO         0.50         1.61
l3044 l3033     3481.1531       0.9869       0.2265      67.7710    3363.9790       1.0197       0.2302      68.4898    3433.3926       0.2117      68.1189    2831.7427       1.2024      86.9320    3440.5442     737.6520      67.9006      67.7710  HO         0.62         2.02
l3067 l3094        0.2000       0.2000       0.2000     242.9608    6120.8447       0.5514      -0.1773      61.0724    3359.8865       0.3416      85.3328    2539.1523       1.3221     114.8681    3362.0891    1218.1086      77.6196      61.0724  MH         0.86         1.86
l3094 l3067     6125.4697       0.5510       0.1780      61.0678       0.2000       0.2000       0.2000     242.9626    3359.8508      -0.3417      85.3398    4997.3516       0.6742      65.6629    3362.0823   -1218.1313      77.6212      61.0678  HO         0.54         1.16
l3095 l3096     3568.4900       1.0110      -0.4272      72.6614       0.2000       0.2000       0.2000     242.9624    3608.0405      -0.4151      72.6724    5267.4839       0.6871      74.1438    3612.8438   -1440.0767      73.0523      72.6614  HO         0.87         1.39
l3096 l3095     2266.5942       1.5861      -0.0072      72.7035    3527.2566       1.0227       0.4400      72.6515    3608.0352       0.4151      72.6728    2285.8818       1.5728      72.6905    3612.8416    1440.0349      73.0526      72.6515  MH         0.72         1.15
l3189 l3210     3828.0427       0.8263       0.6762      69.5744    3797.4980       0.8342       0.2886      72.0577    3174.9866       0.4337      75.6525    2284.1130       1.4007      91.2114    3165.9897    1519.5000      71.0507      69.5744  HO         0.95         1.76
l3210 l3189     3765.1313       0.8415      -0.2956      72.2060       0.2000       0.2000       0.2000     242.9597    3175.0320      -0.4336      75.6381    5411.5664       0.5830      67.4848    3165.9619   -1519.7002      71.0620      67.4848  EX         0.57         1.06
l3277 l3287        0.2000       0.2000       0.2000     242.9341       0.2000       0.2000       0.2000     242.9658    3317.2974      -0.2246      83.2291    4441.9087       0.7482      49.9366    3316.7505    -801.3909      73.2619      49.9366  EX         0.36         1.15
l3287 l3277        0.2000       0.2000       0.2000     242.9643    4529.6279       0.7338      -0.0154      49.1239    3317.2371       0.2246      83.2709    2864.6750       1.1623     138.9264    3316.7595     801.3484      73.2572      49.1239  MH         0.87         2.81
l3516 l3532        0.2000       0.2000       0.2000     242.9403    2978.7944       0.9571      -0.3618      75.4143    2899.6580      -0.2705      78.8224    4622.8228       0.5811      73.9715    2844.8145    -952.1079      76.2104      73.9715  EX         0.30         0.69
l3614 l3630     7079.1064       0.4056       0.2751      73.2802    3777.5439       0.7817      -0.6922      79.1611    3098.2266      -0.2466     106.2901    4599.9663       0.6481      83.4051    3067.1169    -891.0808     100.2178      73.2802  HO         0.32         0.82
